%YAML:1.0
K: !!opencv-matrix
   rows: 3
   cols: 3
   dt: d
   data: [ 4.2355456441911629e+03, 0., 9.9714049926470784e+02, 0.,
       4.2291149808684677e+03, 5.9742657759435929e+02, 0., 0., 1. ]
D: !!opencv-matrix
   rows: 1
   cols: 5
   dt: d
   data: [ -4.4582102745040659e+00, 4.0052761772521416e+02,
       -1.4290140000442789e-01, -8.0307237082910266e-02,
       -1.4518311908143323e+04 ]
board_width: 9
board_height: 6
square_size: 2.5999999046325684e+00
